,head_row_1,head_row_2,anterior,posterior,far_posterior
act-1,0.19564816343175617,0.17303453699837848,0.18178287423172898,0.19763862861803458,0.25189579672010176
vab-15,0.07606263982102908,0.0,0.0,0.09395973154362416,0.8299776286353467
spon-1,0.02765698382327361,0.021221081927291698,0.14419899112889198,0.17707427378674548,0.6298486693337971
zyx-1,0.1678387587906909,0.14152106140796053,0.21351410135576013,0.2070615529616472,0.2700645254839411
madf-5,0.1834862385321101,0.09403669724770643,0.03669724770642203,0.057339449541284414,0.6284403669724771
nhr-153,0.0,0.0,0.1949685534591195,0.169811320754717,0.6352201257861635
ceh-20,0.05580357142857143,0.10212053571428573,0.17968750000000003,0.19419642857142858,0.46819196428571436
pros-1,0.003105590062111801,0.0,0.12732919254658384,0.021739130434782605,0.8478260869565217
cey-1,0.19124837027379404,0.1902976966536289,0.1766713747645951,0.1758927277995075,0.2658898305084746
D1046.2,0.050156739811912224,0.15752351097178682,0.025862068965517238,0.11677115987460815,0.6496865203761756
cey-3,0.0,0.0,0.0,0.0,1.0
D2030.7,0.0,0.0,0.26229508196721313,0.13524590163934427,0.6024590163934427
cky-1,0.0,0.0,0.0,0.02608695652173913,0.9739130434782608
clp-1,0.0297029702970297,0.032673267326732675,0.10099009900990098,0.2900990099009901,0.5465346534653466
dhhc-1,0.04302325581395349,0.1686046511627907,0.18488372093023256,0.1883720930232558,0.4151162790697675
daf-12,0.08016877637130801,0.0,0.13924050632911392,0.08438818565400844,0.6962025316455697
dnj-11,0.14749661705006764,0.018267929634641408,0.14343707713125844,0.14005412719891744,0.550744248985115
dsc-1,0.0,0.0,0.0,0.0,1.0
dyc-1,0.1426018318564301,0.15138878546429368,0.1123687541886961,0.17335616948395263,0.4202844590066274
F33H1.4,0.11746522411128284,0.0,0.17465224111282845,0.1035548686244204,0.6043276661514683
madf-2,0.11709601873536299,0.08430913348946135,0.10070257611241216,0.10772833723653394,0.5901639344262295
row-1,0.15617577197149646,0.0,0.07185273159144893,0.2238717339667459,0.5480997624703089
ccch-2,0.0,0.0,0.0,0.0,1.0
egl-5,0.06553398058252427,0.0970873786407767,0.0,0.0784789644012945,0.7588996763754046
psa-3,0.0,0.0,0.2282608695652174,0.1793478260869565,0.5923913043478262
egl-21,0.14359861591695502,0.0,0.13840830449826988,0.17128027681660898,0.546712802768166
elt-6,0.12895927601809956,0.0,0.06561085972850679,0.06334841628959276,0.7420814479638009
klf-2,0.0,0.0,0.0,0.0,1.0
saeg-1,0.1366051100430053,0.15178345560333922,0.20263091323045787,0.19352390589425753,0.31545661522894003
eor-1,0.1452074391988555,0.08583690987124463,0.1802575107296137,0.03075822603719599,0.5579399141630901
ric-7,0.08956328645447817,0.04367135455218357,0.040895632864544784,0.11361954108068098,0.7122501850481125
fkh-8,0.07466063348416288,0.16289592760180996,0.17194570135746604,0.10407239819004524,0.48642533936651583
fkh-9,0.13109756097560976,0.028963414634146343,0.0,0.1600609756097561,0.6798780487804879
gei-15,0.10795011691348402,0.17692907248636008,0.17225253312548713,0.1795271499090673,0.36334112756560144
glp-1,0.218978102189781,0.0,0.0608272506082725,0.0,0.7201946472019465
ztf-14,0.0,0.0,0.18136769078295342,0.2606541129831516,0.5579781962338949
nhr-208,0.0,0.0,0.0,0.19148936170212766,0.8085106382978723
hlh-3,0.1885245901639344,0.09508196721311475,0.10163934426229508,0.15901639344262294,0.4557377049180328
hlh-8,0.12923076923076923,0.0,0.0,0.07076923076923076,0.8
hmg-12,0.04975124378109452,0.03233830845771144,0.18407960199004975,0.004975124378109453,0.7288557213930348
nfya-1,0.12142857142857141,0.17142857142857143,0.20238095238095238,0.1285714285714286,0.3761904761904762
hsf-1,0.08350230414746544,0.17333333333333334,0.17781874039938556,0.20497695852534564,0.36036866359447006
nhr-218,0.1320754716981132,0.0,0.0,0.0,0.8679245283018868
itr-1,0.0,0.0,0.030898876404494385,0.09831460674157302,0.8707865168539326
sptf-2,0.15328467153284672,0.0,0.0,0.0,0.8467153284671532
lin-26,0.11129296235679213,0.0,0.22094926350245497,0.20376432078559736,0.4639934533551555
flh-1,0.08695652173913045,0.06625258799171843,0.0,0.15527950310559008,0.6915113871635611
Y17G7B.20,0.1864154685176004,0.18145761031234509,0.15567674764501735,0.17550818046603867,0.30094199305899855
lin-54,0.1541950113378685,0.0,0.22448979591836737,0.06575963718820863,0.5555555555555556
lir-2,0.158457249070632,0.17146840148698886,0.15218401486988847,0.1800650557620818,0.33782527881040897
mab-9,0.0,0.0,0.0,0.058823529411764705,0.9411764705882353
pbo-5,0.0064318529862174584,0.0,0.0,0.18116385911179173,0.8124042879019908
dhhc-2,0.0,0.0,0.21568627450980396,0.0,0.7843137254901962
Y56A3A.18,0.13397763880992988,0.15690733371233653,0.17509948834565092,0.18372181163539889,0.3502937274966837
mls-1,0.0,0.0,0.0,0.0,1.0
ceh-51,0.0,0.0,0.13984168865435356,0.0,0.8601583113456465
ztf-9,0.18884892086330934,0.038669064748201434,0.16906474820143885,0.14838129496402877,0.4550359712230216
pyk-2,0.10985352862849534,0.1304926764314248,0.14713715046604528,0.045272969374167776,0.567243675099867
dhhc-4,0.14079728583545378,0.1687871077184054,0.08821034775233248,0.15776081424936386,0.4444444444444444
nhr-13,0.039927404718693285,0.12159709618874773,0.20326678765880216,0.09074410163339383,0.5444646098003629
nhr-17,0.08695652173913043,0.09601449275362318,0.09057971014492754,0.13405797101449277,0.592391304347826
nhr-22,0.005665722379603401,0.1331444759206799,0.10481586402266291,0.18413597733711048,0.5722379603399433
nhr-28,0.18902439024390247,0.0,0.0,0.03658536585365854,0.774390243902439
attf-4,0.11747285291214216,0.05725567620927937,0.1372161895360316,0.087857847976308,0.6001974333662389
nhr-43,0.0,0.0,0.0,0.17699115044247787,0.8230088495575222
ztf-30,0.17571059431524547,0.08785529715762273,0.0,0.0,0.7364341085271318
nhr-152,0.13467048710601717,0.0,0.0,0.14040114613180515,0.7249283667621775
nhr-49,0.15782493368700265,0.17639257294429708,0.20358090185676392,0.17374005305039786,0.28846153846153844
elf-1,0.04995102840352595,0.0,0.10577864838393732,0.0,0.8442703232125367
flh-2,0.04666666666666666,0.06666666666666667,0.01,0.03333333333333333,0.8433333333333334
nhr-78,0.18344827586206897,0.01517241379310345,0.10206896551724139,0.14620689655172414,0.5531034482758621
C50C3.5,0.1752241238793806,0.10268948655256724,0.02852485737571312,0.11735941320293398,0.5762021189894051
nhr-86,0.06804733727810651,0.08284023668639054,0.13609467455621302,0.0,0.71301775147929
nhr-90,0.0,0.0,0.0,0.07482993197278913,0.9251700680272109
D2063.1,0.16078154425612054,0.11634434303925831,0.17419962335216574,0.22245762711864409,0.3262168622338114
nhr-97,0.0,0.1407766990291262,0.16504854368932037,0.0,0.6941747572815534
nhr-100,0.12048567870485678,0.16251556662515565,0.22384806973848068,0.15255292652552924,0.34059775840597756
F19C7.8,0.0779201864258666,0.12190503932420625,0.040489367899796104,0.15758811535100498,0.6020972909991261
zip-8,0.13058419243986252,0.12027491408934707,0.12027491408934707,0.18213058419243985,0.4467353951890034
nhr-131,0.09433962264150944,0.0,0.14622641509433962,0.1320754716981132,0.6273584905660378
nhr-132,0.18731003039513677,0.17705167173252281,0.1797112462006079,0.19376899696048633,0.2621580547112462
nhr-137,0.0,0.0,0.0,0.0847457627118644,0.9152542372881356
nhr-183,0.0,0.0,0.21843003412969283,0.20136518771331058,0.5802047781569966
nob-1,0.0,0.0,0.0,0.006622516556291391,0.9933774834437086
odr-7,0.14225941422594143,0.0,0.0,0.03347280334728034,0.8242677824267782
oma-1,0.0,0.18434343434343434,0.04292929292929293,0.022727272727272728,0.75
nhr-142,0.04047217537942664,0.14502529510961215,0.0,0.0,0.8145025295109612
nhr-186,0.0,0.0,0.0,0.0,1.0
pat-6,0.17401698128761026,0.1609924985574149,0.17191492869507874,0.1704311268650565,0.3226444645948397
ztf-13,0.1705298013245033,0.13741721854304637,0.1456953642384106,0.08940397350993377,0.45695364238410596
php-3,0.060859188544152745,0.0,0.0,0.022673031026252982,0.9164677804295943
madf-3,0.0,0.0,0.1206030150753769,0.04773869346733668,0.8316582914572865
pos-1,0.0,0.0,0.0,0.043373493975903614,0.9566265060240965
lect-2,0.07601687109128813,0.06244242982498668,0.13016919571435498,0.21530033451301694,0.5160711688563534
aptf-1,0.0,0.12158808933002484,0.12903225806451615,0.17121588089330028,0.5781637717121588
rbr-2,0.15037593984962405,0.16624895572263992,0.19256474519632413,0.15914786967418545,0.33166248955722644
rho-1,0.1700559227249619,0.14844941535332995,0.11362480935434674,0.19395017793594307,0.3739196746314184
rnt-1,0.04266777133388567,0.0,0.11184755592377796,0.1971830985915493,0.648301574150787
nhr-204,0.13907284768211922,0.0,0.0,0.0,0.8609271523178809
R02D3.7,0.20463320463320464,0.10231660231660232,0.06563706563706564,0.1698841698841699,0.45752895752895756
ceh-93,0.15083798882681568,0.17877094972067042,0.04748603351955308,0.15083798882681568,0.4720670391061452
sel-7,0.0,0.008264462809917356,0.0,0.09917355371900825,0.8925619834710743
sem-4,0.0,0.0654238480478368,0.010552233556102708,0.18325712275765035,0.7407667956384101
sex-1,0.08602150537634409,0.18548387096774194,0.10125448028673836,0.10842293906810035,0.5188172043010753
R144.3,0.13616652211621855,0.06764960971379011,0.19774501300954034,0.16305290546400694,0.4353859496964441
nhr-212,0.0,0.0,0.0,0.0,1.0
sma-9,0.15727143533870203,0.13500710563713877,0.18853623874940784,0.1790620558976788,0.3401231643770724
T10D4.6,0.0,0.06361323155216285,0.0,0.08142493638676844,0.8549618320610687
spr-1,0.05678233438485804,0.017350157728706624,0.18611987381703468,0.10725552050473185,0.6324921135646687
T26A5.8,0.043229497774952316,0.050222504767959315,0.17800381436745072,0.08645899554990463,0.642085187539733
tbx-7,0.0,0.0,0.08754208754208755,0.10774410774410775,0.8047138047138047
zip-11,0.10375275938189847,0.04635761589403974,0.1346578366445916,0.06622516556291391,0.6490066225165563
tbx-9,0.0,0.0,0.0,0.2512820512820513,0.7487179487179487
tlp-1,0.0452322738386308,0.09657701711491441,0.16992665036674814,0.20904645476772615,0.4792176039119804
tnt-4,0.0,0.0,0.012987012987012986,0.06277056277056277,0.9242424242424242
tra-1,0.0,0.0,0.0,0.0,1.0
ttx-3,0.0650887573964497,0.0,0.0,0.14792899408284022,0.78698224852071
unc-3,0.0,0.0,0.0,0.0,1.0
unc-15,0.18964510442759921,0.19486239132926209,0.1913860191991792,0.2048112553687301,0.21929522967522935
nhr-41,0.0,0.07692307692307693,0.10576923076923077,0.1826923076923077,0.6346153846153847
unc-63,0.10227272727272727,0.0,0.0,0.2443181818181818,0.6534090909090908
ceh-99,0.0,0.0,0.27941176470588236,0.05882352941176471,0.6617647058823529
unc-86,0.14307931570762053,0.0,0.18662519440124417,0.14307931570762053,0.5272161741835147
unc-97,0.19682368360188116,0.1785521548068769,0.17805103692853289,0.19882815511525712,0.24774496954745204
